34,77
34,76
34,75
35,35
293,8
288,37
39,66
39,65
39,191
39,190
39,189
39,188
35,34
35,16
288,14
288,5
288,3
288,1
57,165
57,157
57,46
57,38
57,5
57,3
57,1
50,8
50,1
45,5
45,4
45,3
45,1
43,4
43,1
20,2
41,84
41,5
20,1
41,4
41,3
20,3
41,1
40,82
40,3
40,1
39,153
39,5
19,2
39,4
19,1
39,3
19,3
39,1
38,22
38,21
38,20
38,19
38,18
38,17
38,16
38,15
38,14
38,13
38,12
38,11
38,10
38,9
38,8
38,7
38,6
38,5
38,4
38,1
37,76
37,66
37,34
37,18
37,17
37,12
37,9
37,1
35,28
35,27
35,26
35,25
35,24
35,7
35,6
35,5
35,3
35,1
34,159
34,158
34,157
34,156
34,155
34,154
34,153
34,152
34,151
34,150
34,149
34,148
34,147
34,146
34,145
34,144
34,100
34,98
34,96
34,95
34,92
34,91
34,89
34,88
34,85
34,84
34,83
34,82
34,26
34,25
34,24
34,23
34,22
34,21
34,20
34,19
34,18
34,17
34,16
34,15
34,14
34,13
34,12
34,11
34,10
34,9
34,8
34,7
34,6
34,1
18,3
18,1
14,70
14,35
14,20
14,11
14,9
14,8
14,7
14,6
14,5
14,3
14,1
13,3
13,1
2,2
0,560
2,1
0,558
0,550
0,509
0,508
0,506
0,505
0,496
0,490
2,3
0,488
0,482
0,476
0,475
0,463
0,453
0,437
0,339
0,338
0,337
0,336
0,335
0,334
0,333
0,329
0,326
0,325
0,243
0,9
0,0
300,34
300,33
300,32
300,31
300,30
300,29
300,28
300,27
300,26
300,25
300,24
300,23
300,22
300,21
300,20
300,19
300,18
300,17
300,16
300,15
300,14
300,13
300,12
300,11
300,10
300,9
300,8
300,7
300,6
300,5
300,4
300,3
300,2
300,0
0,435
0,429
0,276
0,275
0,272
0,271
